mean: 68053.75
median: 67802.5
mode: 14555.0
variance: 3815965022.9166665
std dev: 61773.49773905203
time elapsed: 0.0002758502960205078
